4803498
4796710
4796709
4796707
4796706
4790057
4787756
4777912
4773891
4773819
4773800
4773762
4772125
4772106
4772082
4772081
4772080
4772079
4770168
4769075
4768926
4766174
4765274
4759527
4759116
4755325
4755274
4755237
4755223
4755221
4755217
4755213
4755212
4755210
4755183
4752026
4751431
4750862
4750753
4750651
4750643
4750483
4750474
4748542
4748482
4745777
4745491
4745459
4745458
4745428
4743485
4742751
4741977
4741665
4740678
4740363
4739240
4739212
4739179
4738921
4738918
4738832
4738831
4738830
4738829
4738827
4738826
4738652
4738651
4738650
4738106
4729690
4729689
4729688
4729687
4729686
4728321
4727534
4726262
4719379
4719374
4719366
4719324
4719245
4718903
4718899
4717382
4717380
4707609
4569414
4492145
4492140
4426713
4136527
4047991
4018053
3826752
3496655
3312843
3280974
3272206
3271195
3262785
3262147
3181986
3175132
3133678
3133674
2925044
