4814605
4804084
4802817
4802427
4801367
4801224
4793781
4793440
4789956
4789488
4775798
4770319
4769677
4769325
4767157
4765802
4763462
4761987
4761936
4760261
4760159
4756384
4755114
4746225
4745456
4742640
4742309
4737571
4735372
4734630
4733502
4732548
4732513
4729002
4721546
4718496
4714629
4713746
4709431
4708627
4334453
4332067
4332064
4331666
4330517
4325604
4318784
4312980
4312163
4309993
4303222
4301428
4301423
4301422
4300249
4296800
4295868
4293207
4291985
4287221
4284033
4273043
4270991
4270426
4267285
4266074
4264832
4260352
4245808
4245296
4243469
4242590
4235885
4235130
4233867
4232773
4230732
4230727
4229865
4220950
4219475
4215412
4214591
4212581
4211599
4209481
4206553
4205551
4205029
4204628
4202309
4200640
4200266
4197479
4196138
4196112
4196106
4196100
4196088
4196056
4195920
4195900
4194666
4194663
4192809
4192599
4191917
4190992
4190887
4190385
4189871
4189080
4188391
4188390
4188385
4188181
4186507
4186502
4186122
4183067
4182437
4178297
4176995
4172853
4172560
4172559
4171636
4171635
4171383
4170717
4170144
4168053
4167857
4167143
4167142
4165864
4165643
4165492
4164624
4163566
4163350
4162872
4159432
4159430
4149350
4147032
4146373
4145031
4142466
4141684
4139591
4139589
4135817
4135269
4132561
4126290
4123448
4119313
4118482
4115533
4110091
4109315
4109277
4104876
4102994
4093735
4092406
4091715
4091424
4090408
4089318
4084181
4082741
4082705
4080601
4078367
4075884
4075780
4072922
4072659
4072658
4072657
4072653
4072483
4065034
4064000
4063500
4062265
4060880
4060879
4060709
4058447
4058338
4057651
4057459
4054756
4050998
4046454
4043942
4042094
4042064
4041413
4040890
4040161
4039995
4038746
4036309
4036183
4036162
4035119
4033858
4033465
4032228
4032227
4032101
4031745
4031311
4031268
4030494
4029924
4029733
4025450
4022366
4022065
4021750
4021723
4020145
4018317
4018147
4018146
4016087
4013144
4010391
4009646
4009504
4008060
4006067
4004613
4004463
4001906
