4814489
4812822
4812711
4811410
4809691
4808872
4808608
4808457
4807009
4805391
4799727
4799724
4799723
4799722
4799718
4799717
4799716
4799715
4799705
4799704
4799703
4799701
4799700
4799699
4799698
4799696
4793300
4790486
4787181
4785362
4773807
4773423
4773382
4772571
4767034
4764174
4763368
4763013
4760413
4755627
4755602
4755501
4755489
4755481
4755455
4753846
4753259
4749979
4742148
4742147
4740591
4739721
4732278
4730161
4724280
4723480
4720158
4717933
4717908
4715537
4706626
4706560
4706558
4706556
4702939
4702924
4701765
4701402
4696931
4690428
4688733
4681722
4681191
4681060
4681025
4676656
4674586
4673744
4671280
4670537
4669148
4666633
4661719
4661368
4659212
4659211
4648602
4646886
4641407
4640871
4639657
4639656
4639301
4638902
4637139
4634824
4627369
4619027
4617119
4615237
4614115
4614033
4604268
4602826
4602685
4601634
4597502
4595321
4591282
4584691
4584672
4579704
4578875
4577465
4576701
4576126
4571298
4571297
4570628
4561620
4557656
4552649
4551909
4549901
4539707
4538678
4536091
4531730
4531718
4530545
4529052
4527868
4523695
4523003
4521136
4520724
4517328
4515375
4509828
4509751
4509351
4509301
4509300
4503425
4503418
4503403
4503391
4503375
4501837
4494306
4476435
4473883
4469476
4464370
4460204
4450072
4439499
4438013
4437812
4428915
4423814
4423566
4423445
4413220
4412636
4411290
4407658
4405552
4393852
4393705
4387502
4387463
4387280
4387215
4386673
4384697
4383853
4383852
4383752
4382341
4382335
4381975
4381204
4380963
4380000
4369394
4368975
4362175
4355266
4354374
4347062
4347036
4347021
4346010
4343115
4342224
4340935
4334985
4331544
4316102
4310904
4310082
4305528
4303233
4301139
4301082
4299706
4299682
4299662
4297500
4292420
4283702
4278755
4278751
4277745
4273105
4272674
4271969
4268531
4265300
4248190
4246804
4244842
4234549
4232298
4232297
4232296
4232295
4231755
4230318
4220698
4220296
4214970
4213851
4213850
4213847
4213845
4213811
4208779
4204590
4196387
4196023
4193258
4192630
4191210
4189782
4189514
4189507
4189503
4181749
4181531
4177993
4176529
4173510
4173078
4169855
4142433
4141727
4130615
4130614
4116153
4109869
4106249
4103028
4098220
4092966
4080498
4078235
4075772
4068255
4065174
4057616
4053238
4048559
4045324
4040010
4038551
4031437
4022434
4015465
4013340
4010012
3993539
3976284
3973201
3965582
3958779
3958100
3956365
3946915
3942622
3940115
3938617
3926673
3923026
3905058
3903572
3903546
3891752
3886292
3876822
3876812
3876791
3876754
3876731
3876727
3876719
3876704
3876695
3876676
3876671
3876660
3876647
3876640
3872086
3872085
3872083
3868466
3856834
3855005
3851186
3850592
3846882
3844531
3833713
3827768
3820944
3816908
3811205
3810244
3792457
3790285
3786441
3781447
3780750
3779117
3773070
3761392
3759949
3756811
3751288
3751285
3748843
3742231
3738923
3738054
3736670
3735570
3735568
3735566
3735564
3720480
3690017
3684936
3682936
3680267
3663338
3660492
3660267
3657543
3657538
3657515
3656156
3656155
3656125
3654233
3654206
3652651
3650698
3650215
3646312
3641749
3639130
3629289
3628157
3623046
3621682
3620784
3619311
3617781
3616471
3616470
3607989
3601416
3600907
3598919
3578758
3578338
3576489
3563640
3563605
3563574
3562893
3557843
3555903
3555337
3550855
3539115
3538378
3537580
3537103
3535406
3534851
3534849
3534847
3534846
3532520
3531477
3529443
3527100
3524908
3524906
3524891
3523025
3522801
3522681
3522470
3522467
3522446
3517940
3517636
3512434
3512427
3512424
3512422
3510866
3510595
3508592
3506245
3491670
3491218
3482553
3479633
3477092
3464645
3463207
3463071
3462732
3460466
3438943
3431786
3430660
3429480
3421775
3420903
3419828
3413439
3412813
3405950
3405920
3405903
3405881
3405871
3405562
3404774
3401669
3401295
3397888
3389243
3388850
3387847
3385631
3381238
3374513
3369879
3367632
3365134
3354431
3339023
3323297
3321675
3314969
3306485
3303919
3302557
3299734
3298588
3283854
3272608
3270523
4814489
4812822
4812711
4811410
4809691
4808872
4808608
4808457
4807009
4805391
4799727
4799724
4799723
4799722
4799718
4799717
4799716
4799715
4799705
4799704
4799703
4799701
4799700
4799699
4799698
4799696
4793300
4790486
4787181
4785362
4773807
4773423
4773382
4772571
4767034
4764174
4763368
4763013
4760413
4755627
3169941
3167406
3167389
3165899
3163960
3158407
3155799
3152814
3149717
3146574
3146570
3143768
3142612
3140406
3140344
3139555
3135958
3132556
3130832
3127422
3125796
3120963
3113412
3113258
3108544
3106566
3100692
3090057
3086805
3085061
3082051
3080307
3079423
3077963
3075836
3073994
3073993
3073826
3072999
3066968
3066894
3065080
3061704
3060053
3058336
3057505
3056432
3052248
3052007
3052003
3044280
3037811
3036495
3033248
3032973
3032323
3032318
3031954
3031195
3028174
3028165
3027573
3017947
3010568
3004760
3004749
3004610
3003113
3003048
3001666
3001079
3000117
2998401
2997135
2995706
2994032
2990934
2990303
2989890
2989583
2987385
2985824
2985259
2984567
2977020
2976761
2976577
2976132
2975956
2975955
2975954
2975451
2974796
2972193
2969792
2969308
2968694
2968690
2963777
2959539
2959235
2958370
2957535
2956820
2955664
2950482
2950452
2950404
2949320
2946771
2946470
2945474
2944511
2941559
2939823
2939796
2939471
2938726
2935310
2935282
2935278
2935252
2934630
2934607
2934350
2934265
2934209
2933694
2933649
2932998
2931349
2930984
2930919
2930563
2930263
2930006
2928803
2928447
2927405
2926246
2925961
2925517
2924421
2923545
2922609
2922608
2922600
2922396
2921882
2921030
2919374
2919317
2919191
2918448
2918161
2916871
2886794
2886664
2886097
2886090
2884716
2883699
2883059
2883005
2881977
2879380
2878245
2877635
2877299
2875214
2874973
2871867
2871809
2871206
2870544
2869959
2869674
2869669
2867825
2866476
2864143
2863880
2862854
2861315
2859237
2857349
2854832
2852226
2849377
2847066
2844679
2838202
2834894
2834522
2819147
2816999
2816974
2816669
2813208
2812613
2810304
2800204
2796885
2793817
2792307
2791083
2787605
2785752
2783664
2782593
2775946
2772865
2767069
2760137
2757320
2728107
2717265
2698699
2692683
2618049
2605083
2588115
2549623
2448000
2436994
2388337
2352425
2323979
2300295
2299162
2170588
2080307
2076773
2046629
2045080
1978311
1966326
1954894
1948835
1928314
1884411
1854070
1844925
1777378
1596943
1506115
1477273
1466236
1403657
1377172
1353706
1333350
1322640
1180295
1132141
1011735
951672
946952
946255
619152
558111
558109
558086
553732
550688
538404
536684
536439
535175
535173
534695
533796
532700
532698
532369
532306
531713
531473
531265
531224
531111
530396
530059
529948
529846
528652
526579
526557
526117
525357
525353
522536
522357
522237
521733
521707
521656
521345
521169
521165
520631
520553
520484
520395
520338
520330
520329
520327
520325
520268
520127
519988
519740
519734
519543
519196
519114
519113
518705
518498
518434
518335
517445
517166
517157
516784
515905
515798
515473
515356
515313
515012
514852
514818
514621
514319
514130
513755
513698
513363
512849
512547
512318
512227
509249
508702
508697
508102
505782
492535
485841
478951
473240
466609
466606
466604
466587
466468
466158
461795
459622
453155
430419
429654
428211
427822
426086
426085
426082
426081
425344
424754
418965
417947
413344
407804
404643
401153
401148
401085
395412
395064
394492
391912
391876
390216
390125
390124
390098
390097
390079
390001
389978
389959
389958
389957
389956
389955
389935
389826
388972
388847
387994
386600
384659
384653
384189
384185
384174
384170
384168
384165
384115
383924
383313
383312
381078
380980
380948
380888
380879
380878
380623
380249
380245
380110
378882
378063
374848
374674
374673
374560
374559
373167
373150
371773
370799
370789
370787
370786
370293
369650
369649
369647
369230
368743
368742
368741
368740
368739
368230
368198
368197
368196
368132
368130
367653
367652
367631
367445
367427
367036
366725
366463
366086
365923
365894
365438
365423
364865
364863
364862
364840
364733
364732
364731
364726
364678
364677
364631
364630
364629
364628
364627
364214
362055
361857
361147
361144
358871
358863
358609
358600
357708
356600
355646
355645
355644
355641
355358
355274
354410
353841
353515
353135
353120
353102
353048
353042
352929
352883
352871
352659
352059
351745
351508
351005
350773
350764
349620
349395
348133
347748
347736
347665
347352
347230
347208
346828
346637
346501
346187
344462
344130
344032
343632
341551
341507
341324
340913
340867
339790
339671
338272
337957
337953
337942
337883
337880
337872
336565
336514
336508
336507
336490
336484
335906
333967
333961
333503
333048
332923
331824
331551
331348
330853
330332
330314
329167
316395
315050
314791
314673
314582
314554
314433
314401
314396
314376
314372
314371
314144
313710
313686
313609
313596
313595
313588
313475
313438
313375
312838
312536
310231
310068
310061
310051
310035
309754
309555
309537
309532
309529
309512
307802
307637
307285
305727
305370
303525
301408
301166
301065
300756
300667
299687
299665
299652
299269
298923
298202
297873
297781
296122
293720
290881
290781
289786
288696
287712
287463
286333
285195
285173
284100
283374
282415
281984
281883
278922
278913
276712
276554
275824
275558
274139
273801
273611
273602
273436
273434
272987
271171
270972
270647
270528
270108
270093
269055
267694
267561
267117
265739
264763
264623
264204
263216
262867
262626
262614
262612
262610
262262
261353
261318
260656
259899
259883
259174
259127
259018
258949
258825
258444
257755
257259
256565
256020
255298
254923
253935
252902
252506
251990
251643
250416
250413
250249
250066
249500
247920
246677
246593
246148
243779
243249
243248
242682
242614
242592
242557
241672
240554
240494
239703
238578
237655
237451
236809
236290
235560
235188
234767
234631
233901
233454
233385
232699
232237
232236
232235
232234
232233
231552
231212
230585
229089
228757
227558
227484
226887
226394
225608
225002
224459
224331
224329
223925
222002
221233
221158
221126
221080
220872
220845
220492
220491
220345
220343
220273
219963
219505
219417
219377
219092
219080
218931
218810
218636
218430
218429
215564
215341
215339
215112
215097
214717
213489
213235
213229
213173
212635
212433
212144
212114
211878
211759
211401
211323
211263
211016
210951
210469
210216
209885
209304
209200
208615
208461
208042
207941
207543
206975
206902
206616
206460
205684
205043
205042
205022
204695
204319
204130
204021
203757
203528
202677
202671
202668
202384
202270
202154
201852
201790
201612
201469
201428
201137
201134
201039
200351
200349
200348
200347
199952
199172
198149
198148
198033
198032
197807
197526
197459
197154
197146
197127
196815
196814
196012
195766
194755
194388
190098
189546
187953
187950
187286
187142
187020
186858
186774
186491
186231
185072
184724
184561
184304
184282
184238
183445
183394
182349
182261
181850
181557
181518
180015
179352
179351
179031
179030
178522
178146
177986
177697
177220
177219
177218
177217
177215
177148
177125
174980
174793
173836
173730
173603
173582
172538
172151
171983
171504
171500
171344
171150
171131
171011
170513
169676
169439
169321
169320
169191
169062
169006
168424
168346
168298
168137
167946
167124
166012
166002
165992
165986
165885
165343
165314
164671
164655
160581
160253
160202
159161
159148
158819
158493
157521
157174
156945
156547
155844
155493
155474
155133
153848
152715
149905
149325
149099
148308
148071
147828
147449
147399
147235
147036
147034
147033
147032
147030
146860
146522
146474
145635
145427
145214
144260
143275
142262
141902
140326
140203
138723
138676
137629
137620
136521
135908
135896
135721
135491
135402
135398
134962
134689
134687
134463
133914
133734
133590
133339
133221
132809
132795
131747
131651
131543
131541
130111
129336
128609
128232
127162
126861
126463
126035
125546
125496
125098
124539
123927
122538
122500
122233
122210
121980
121977
121968
121912
121520
121519
121499
121494
121452
121444
121433
121000
120901
120606
120024
119161
119155
119154
118559
118315
117440
117286
117240
117071
116887
116753
115629
115610
115556
115140
115114
115113
114686
114400
114296
114167
113674
113280
112743
112649
111967
111929
111809
111533
111127
111124
111034
111032
111021
110881
110395
110021
109942
109896
109545
109406
109297
109089
108869
108691
108531
108481
108472
108353
108084
108081
107978
107845
107736
107704
107472
107411
107234
107205
107170
107128
107126
107106
107043
106768
106739
106708
106470
106415
106269
106264
106244
106132
106130
106128
106127
106125
106007
106006
104935
104870
104648
104578
104401
104389
104332
104199
104057
103841
103800
103759
103597
103570
103568
103549
103434
103210
103075
103055
103016
103004
102979
102867
102757
102706
102415
102402
102382
102363
102361
102358
102349
102328
102118
102092
102091
102089
102067
102065
102007
102004
101985
101977
101808
101580
101558
101285
101258
101211
101058
100491
100487
100339
100168
100076
99959
99863
99816
99660
99603
99493
99440
99420
99343
99158
99155
99150
99149
99147
99096
99011
98997
98955
98953
98724
98609
98485
98467
98344
98273
98135
97887
97657
97622
97503
97059
96863
96690
96629
96620
96454
96451
96317
96118
95884
95883
95860
95761
95760
95757
95563
95466
95383
95331
95314
95197
95053
94929
94537
94492
94491
93864
93860
93824
93818
93147
93133
93128
93111
92727
92019
91635
91563
91531
91486
91449
91400
91128
90762
90408
89794
89697
89069
87547
86593
86589
86461
86186
86184
86141
85344
84550
84322
84319
84317
84316
84314
84313
84312
84013
83909
83899
83898
83850
83796
83752
83640
83634
83292
83290
83161
82854
82735
82301
81872
81612
81575
81461
81433
80916
80892
80831
79362
79262
78471
77836
76386
76160
75709
75150
74598
74557
74552
74541
74387
73774
73669
73584
73568
73401
72791
72764
72629
72628
72625
72572
72188
72116
72008
72002
71008
71002
70977
70955
70952
70603
70601
70506
70401
70399
70180
70047
69028
68984
68682
68110
67738
67594
67444
66663
65485
65484
64817
64744
64480
63815
63393
63358
62469
62431
59752
56489
55890
55677
55338
55214
54899
54546
54542
54434
54212
53836
53832
53828
53826
53825
53824
53821
53817
53813
53809
53806
53799
53792
53790
53789
53783
53779
53776
53775
53773
53771
53770
53767
53765
53763
53762
53760
53758
53754
53752
53749
53420
53037
52848
52641
52050
52048
52047
52044
52041
50952
50810
50506
50420
50072
49841
49794
49774
49772
49770
49755
49686
49646
49461
49191
49051
49021
48819
48733
48731
48691
48617
48544
48536
48205
48073
48046
47599
47598
47230
46914
46891
46888
46880
46878
46872
46868
46866
46864
46854
46848
46842
46835
46831
46830
46828
46826
46823
46808
46801
46800
46798
46796
46795
46793
46792
46791
46789
46787
46785
46783
46775
46738
46736
46727
46725
46722
46716
46714
46712
46710
46709
46707
46701
46698
46696
46694
46687
46681
46674
46672
46670
46664
46658
46651
46644
46640
46638
46634
46627
46625
46623
46615
46613
46612
46609
46607
46604
46601
46597
46592
46588
46584
46580
46574
46570
46565
46562
46546
46540
46539
46538
46534
46533
46532
46530
46529
46525
46523
46515
46513
46511
46509
46506
46505
46424
46345
46219
46124
45913
45779
45778
45777
45675
45542
45530
45234
45223
45218
44810
44780
44751
44193
43912
43253
42953
42772
42546
42513
42309
42204
42172
42132
41666
41578
41560
40615
40534
40511
40443
40280
40259
40233
39656
39497
39482
39246
39241
39083
38995
38962
38812
38765
38727
38671
38434
38309
38214
38199
38050
37968
37633
36962
36670
36657
36637
36635
36626
36486
36393
35935
35933
35661
35513
35508
35504
35319
35296
35224
35215
35209
35073
35046
34997
34913
34907
34905
34346
32946
32372
31613
30604
30342
30120
29118
28749
28171
27926
27614
27559
27269
26614
26264
25983
25742
25691
25598
25577
25575
25574
25432
25283
25103
25070
25002
24990
24989
24987
24986
24687
24236
24218
24217
24216
24154
24113
23915
23447
23298
23278
23272
23066
22750
22664
22660
22658
22613
22206
20869
20458
20422
20148
20007
19963
19285
18853
18779
18701
17436
17121
17111
17110
17109
17108
17107
17106
17105
17104
17103
17078
17077
16963
16913
16911
15880
15572
15394
15386
15379
15362
15360
15349
15347
15344
15341
15338
15331
15329
15322
15313
15305
15301
15297
15290
15287
15279
15269
15266
15265
15264
15262
15260
15250
15243
15241
15240
15237
15233
15224
15222
15220
15217
15213
15210
15207
15202
15200
15190
15184
15181
15179
15175
15148
15145
15141
15139
15136
15134
15133
15131
15128
15113
15108
15106
15096
15094
15077
15003
14999
14919
14916
14904
14899
14898
14896
14883
14867
14860
14859
14851
14817
14801
14781
14772
14765
14759
14748
14744
14741
14735
14725
14717
14688
14685
14680
14677
14658
14655
14652
14635
14607
14550
14529
14513
14501
14480
14478
14472
14433
14431
14425
14388
14376
14367
14341
14325
14299
14297
14295
14252
14219
14214
14212
14209
14199
14185
14174
14126
14119
14108
14106
14105
14077
14072
14070
14018
14003
13978
13973
13940
13853
13838
13836
13827
13823
13821
13776
13761
13754
13744
13741
13713
13711
13695
13658
13638
13628
13625
13621
13613
13577
13537
13519
13516
13514
13489
13443
13427
13412
13338
13332
13305
13201
13198
13193
13081
13079
13064
13062
13029
12974
12972
12937
12877
12875
12868
12863
12852
12821
12795
12681
12617
12612
12585
12583
12581
12536
12502
12484
12459
12450
12405
12363
12351
12345
12331
12320
12317
