4817121
4812626
4812601
4808252
4808244
4805941
4798349
4798311
4762871
4758952
4724092
4690009
4683460
4682498
4679541
4674809
4674257
4673837
4673614
4673611
4673441
4661439
4658554
4655870
4636844
4604484
4604483
4601830
4601827
4600945
4595870
4595864
4595254
4586434
4575325
4548859
4547927
4539017
4531991
4527426
4511960
4511959
4511958
4510489
4508985
4507314
4502494
4479584
4476768
4475186
4466208
4433931
4431144
4404886
4404459
4401897
4389106
4386928
4385758
4361463
4361461
4361437
4361423
4358670
4358536
4337888
4335643
4324249
4315817
4311924
4294754
4292014
4276348
4269331
4267210
4260809
4257792
4225686
4225409
4224595
4212934
4191066
4184801
4171717
4165328
4161684
4134358
4125594
4109231
4101319
4097312
4083151
4082792
4081591
4076877
4076718
4072098
4071065
4069444
4065756
4063838
4056675
4040107
4039924
4038403
4023966
4013732
4012520
4012441
4009285
4002604
3989915
3976623
3970539
3949075
3945385
3916330
3915562
3915545
3903014
3891722
3868816
3867084
3849933
3849930
3845781
3842478
3840568
3839642
3827570
3821738
3821483
3815871
3815176
3813998
3813947
3812578
3812563
3812501
3791635
3779842
3770371
3753426
3748489
3746378
3729261
3728536
3723762
3721840
3721631
3721281
3717246
3717008
3689401
3689058
3685650
3683809
3681074
3678885
3673862
3668522
3667142
3666318
3663333
3662591
3661044
3657637
3656775
3649695
3648560
3648260
3648049
3644933
3644836
3642982
3641911
3637828
3625106
3621653
3621418
3619566
3619557
3618733
3614639
3611192
3610659
3607490
3606743
3605839
3604284
3603025
3602809
3597691
3595791
3594154
3593720
3592693
3591611
3590319
3590317
3589815
3588394
3587462
3585011
3584710
3584681
3583057
3580821
3580082
3579515
3579388
3579356
3577172
3576878
3576871
3576007
3574074
3573686
3573070
3569717
3569330
3567555
3566467
3566455
3564896
3564821
3564518
3563838
3563568
3561098
3560330
3560018
3559129
3559124
3559118
3558131
3558114
3557831
3556645
3555801
3555381
3553769
3553551
3552089
3551409
3550854
3549907
3549814
3549486
3548640
3548320
3548319
3548184
3548167
3548162
3547903
3547746
3547659
3547039
3547024
3546531
3546518
3546206
3546192
3546111
3545877
3545079
3545071
3545017
3544100
3544099
3543971
3541040
3541039
3540698
3540610
3539981
3539755
3539488
3532520
3530239
3529586
3523723
3523720
3523688
3522982
3522978
3517691
3517689
3517685
3516456
3516419
3515405
3515391
3515379
3515373
3515357
3514027
3514017
3512046
3511542
3506393
3505058
3482543
3464853
3455856
3452680
3431230
3429643
3422412
3420006
3407252
3399938
3387269
3373838
3359740
3347189
3333317
3324140
3295870
3295459
3284752
2586607
2289540
2243298
2229299
